1772580254718 0.9826997857312911 0
1772580254761 0.9824617093881438 1
1772580254800 0.9828585032933894 2
1772580254839 0.9823029918260455 3
1772580254877 0.9826997857312911 4
1772580254933 0.9823029918260455 5
1772580254978 0.982541068169193 6
1772580255016 0.9824617093881438 7
1772580255053 0.9824617093881438 8
1772580255095 0.9829378620744386 9
1772580255133 0.982541068169193 10
1772580255173 0.9824617093881438 11
1772580255212 0.9826204269502421 12
1772580255251 0.9823029918260455 13
1772580255291 0.9826204269502421 14
1772580255330 0.982541068169193 15
1772580255367 0.982541068169193 16
1772580255410 0.982541068169193 17
1772580255448 0.982541068169193 18
1772580255487 0.9823029918260455 19
1772580255530 0.9824617093881438 20
1772580255574 0.9824617093881438 21
1772580255612 0.982541068169193 22
1772580255650 0.982541068169193 23
1772580255687 0.9824617093881438 24
1772580255724 0.9829378620744386 25
1772580255762 0.9824617093881438 26
1772580255810 0.9824617093881438 27
1772580255853 0.982541068169193 28
1772580255893 0.982541068169193 29
1772580254718 0.9826997857312911 0
