1772580254730 0.9911840828210935 0
1772580254770 0.9910631242670549 1
1772580254809 0.9912642562484834 2
1772580254846 0.9909822475635893 3
1772580254885 0.9911826565280699 4
1772580254943 0.9909829768306984 5
1772580254986 0.9911039223615042 6
1772580255025 0.9910631242670549 7
1772580255064 0.9910631242670549 8
1772580255104 0.991304347826087 9
1772580255143 0.9911039223615042 10
1772580255182 0.9910631242670549 11
1772580255221 0.9911432846685809 12
1772580255259 0.9909822475635893 13
1772580255298 0.9911432846685809 14
1772580255337 0.9911039223615042 15
1772580255378 0.9911039223615042 16
1772580255418 0.9911039223615042 17
1772580255457 0.9911039223615042 18
1772580255495 0.9909829768306984 19
1772580255542 0.9910631242670549 20
1772580255583 0.9910638469936517 21
1772580255620 0.9911032028469751 22
1772580255658 0.9911039223615042 23
1772580255696 0.9910631242670549 24
1772580255733 0.9913036443797274 25
1772580255773 0.9910631242670549 26
1772580255819 0.9910631242670549 27
1772580255863 0.9911039223615042 28
1772580255901 0.9911039223615042 29
1772580254730 0.9911840828210935 0
