1772518339849 0.9826997857312911 0
1772518339886 0.9824617093881438 1
1772518339923 0.9828585032933894 2
1772518339964 0.9823029918260455 3
1772518339998 0.9826997857312911 4
1772518340036 0.9823029918260455 5
1772518340089 0.982541068169193 6
1772518340130 0.9824617093881438 7
1772518340168 0.9824617093881438 8
1772518340207 0.9829378620744386 9
1772518340243 0.982541068169193 10
1772518340277 0.9824617093881438 11
1772518340316 0.9826204269502421 12
1772518340353 0.9823029918260455 13
1772518340386 0.9826204269502421 14
1772518340426 0.982541068169193 15
1772518340464 0.982541068169193 16
1772518340500 0.982541068169193 17
1772518340539 0.982541068169193 18
1772518340576 0.9823029918260455 19
1772518340619 0.9824617093881438 20
1772518340661 0.9824617093881438 21
1772518340699 0.982541068169193 22
1772518340736 0.982541068169193 23
1772518340775 0.9824617093881438 24
1772518340812 0.9829378620744386 25
1772518340850 0.9824617093881438 26
1772518340892 0.9824617093881438 27
1772518340931 0.982541068169193 28
1772518340968 0.982541068169193 29
1772518339849 0.9826997857312911 0
