1772518339858 0.9911840828210935 0
1772518339894 0.9910631242670549 1
1772518339930 0.9912642562484834 2
1772518339972 0.9909822475635893 3
1772518340007 0.9911826565280699 4
1772518340044 0.9909829768306984 5
1772518340099 0.9911039223615042 6
1772518340141 0.9910631242670549 7
1772518340178 0.9910631242670549 8
1772518340214 0.991304347826087 9
1772518340250 0.9911039223615042 10
1772518340287 0.9910631242670549 11
1772518340325 0.9911432846685809 12
1772518340361 0.9909822475635893 13
1772518340394 0.9911432846685809 14
1772518340432 0.9911039223615042 15
1772518340473 0.9911039223615042 16
1772518340510 0.9911039223615042 17
1772518340547 0.9911039223615042 18
1772518340584 0.9909829768306984 19
1772518340630 0.9910631242670549 20
1772518340668 0.9910638469936517 21
1772518340707 0.9911032028469751 22
1772518340745 0.9911039223615042 23
1772518340783 0.9910631242670549 24
1772518340821 0.9913036443797274 25
1772518340860 0.9910631242670549 26
1772518340899 0.9910631242670549 27
1772518340939 0.9911039223615042 28
1772518340978 0.9911039223615042 29
1772518339858 0.9911840828210935 0
