1772518339839 0.04048028355011573 0
1772518339879 0.041448807939233154 1
1772518339914 0.040209339678682884 2
1772518339953 0.04176448137585468 3
1772518339990 0.0403575128634015 4
1772518340028 0.042055568884299684 5
1772518340074 0.04105720364067487 6
1772518340122 0.04139158046039025 7
1772518340162 0.04153604629639933 8
1772518340198 0.040114559132048415 9
1772518340235 0.04116502905808772 10
1772518340270 0.04138974018694523 11
1772518340307 0.04075410415540465 12
1772518340344 0.04167883761308045 13
1772518340380 0.04076834112055398 14
1772518340416 0.04105565246681643 15
1772518340457 0.04125614055235869 16
1772518340492 0.0410830868550141 17
1772518340530 0.041170687116271594 18
1772518340567 0.04203385274702932 19
1772518340610 0.04142973668942611 20
1772518340651 0.040873111837691295 21
1772518340692 0.04090605207664134 22
1772518340727 0.041264546944074505 23
1772518340765 0.0415168231241037 24
1772518340805 0.03990464994989152 25
1772518340843 0.04138347830621648 26
1772518340880 0.041375518957870144 27
1772518340922 0.04129590186491022 28
1772518340959 0.041238069887982134 29
1772518339839 0.04048028355011573 0
