1772580449285 0.04048028355011573 0
1772580449328 0.041448807939233154 1
1772580449363 0.040209339678682884 2
1772580449398 0.04176448137585468 3
1772580449435 0.0403575128634015 4
1772580449471 0.042055568884299684 5
1772580449505 0.04105720364067487 6
1772580449541 0.04139158046039025 7
1772580449580 0.04153604629639933 8
1772580449616 0.040114559132048415 9
1772580449652 0.04116502905808772 10
1772580449687 0.04138974018694523 11
1772580449721 0.04075410415540465 12
1772580449755 0.04167883761308045 13
1772580449789 0.04076834112055398 14
1772580449828 0.04105565246681643 15
1772580449871 0.04125614055235869 16
1772580449920 0.0410830868550141 17
1772580449955 0.041170687116271594 18
1772580449995 0.04203385274702932 19
1772580450032 0.04142973668942611 20
1772580450066 0.040873111837691295 21
1772580450104 0.04090605207664134 22
1772580450141 0.041264546944074505 23
1772580450177 0.0415168231241037 24
1772580450211 0.03990464994989152 25
1772580450247 0.04138347830621648 26
1772580450283 0.041375518957870144 27
1772580450317 0.04129590186491022 28
1772580450356 0.041238069887982134 29
1772580449285 0.04048028355011573 0
