1772580449294 0.9826997857312911 0
1772580449336 0.9824617093881438 1
1772580449370 0.9828585032933894 2
1772580449407 0.9823029918260455 3
1772580449443 0.9826997857312911 4
1772580449478 0.9823029918260455 5
1772580449514 0.982541068169193 6
1772580449550 0.9824617093881438 7
1772580449588 0.9824617093881438 8
1772580449623 0.9829378620744386 9
1772580449659 0.982541068169193 10
1772580449694 0.9824617093881438 11
1772580449728 0.9826204269502421 12
1772580449764 0.9823029918260455 13
1772580449798 0.9826204269502421 14
1772580449836 0.982541068169193 15
1772580449881 0.982541068169193 16
1772580449929 0.982541068169193 17
1772580449965 0.982541068169193 18
1772580450002 0.9823029918260455 19
1772580450038 0.9824617093881438 20
1772580450074 0.9824617093881438 21
1772580450113 0.982541068169193 22
1772580450150 0.982541068169193 23
1772580450183 0.9824617093881438 24
1772580450219 0.9829378620744386 25
1772580450255 0.9824617093881438 26
1772580450290 0.9824617093881438 27
1772580450325 0.982541068169193 28
1772580450365 0.982541068169193 29
1772580449294 0.9826997857312911 0
