1772580449305 0.9911840828210935 0
1772580449344 0.9910631242670549 1
1772580449379 0.9912642562484834 2
1772580449415 0.9909822475635893 3
1772580449450 0.9911826565280699 4
1772580449486 0.9909829768306984 5
1772580449521 0.9911039223615042 6
1772580449560 0.9910631242670549 7
1772580449595 0.9910631242670549 8
1772580449632 0.991304347826087 9
1772580449666 0.9911039223615042 10
1772580449702 0.9910631242670549 11
1772580449735 0.9911432846685809 12
1772580449770 0.9909822475635893 13
1772580449805 0.9911432846685809 14
1772580449846 0.9911039223615042 15
1772580449895 0.9911039223615042 16
1772580449936 0.9911039223615042 17
1772580449972 0.9911039223615042 18
1772580450011 0.9909829768306984 19
1772580450046 0.9910631242670549 20
1772580450083 0.9910638469936517 21
1772580450121 0.9911032028469751 22
1772580450157 0.9911039223615042 23
1772580450190 0.9910631242670549 24
1772580450227 0.9913036443797274 25
1772580450263 0.9910631242670549 26
1772580450297 0.9910631242670549 27
1772580450334 0.9911039223615042 28
1772580450373 0.9911039223615042 29
1772580449305 0.9911840828210935 0
